,Id,Prediction,DER_mass_MMC,DER_mass_transverse_met_lep,DER_mass_vis,DER_pt_h,DER_deltaeta_jet_jet,DER_mass_jet_jet,DER_prodeta_jet_jet,DER_deltar_tau_lep,DER_pt_tot,DER_sum_pt,DER_pt_ratio_lep_tau,DER_met_phi_centrality,DER_lep_eta_centrality,PRI_tau_pt,PRI_tau_eta,PRI_tau_phi,PRI_lep_pt,PRI_lep_eta,PRI_lep_phi,PRI_met,PRI_met_phi,PRI_met_sumet,PRI_jet_num,PRI_jet_leading_pt,PRI_jet_leading_eta,PRI_jet_leading_phi,PRI_jet_subleading_pt,PRI_jet_subleading_eta,PRI_jet_subleading_phi,PRI_jet_all_pt
0,100000,s,138.47,51.655,97.82700000000001,27.98,0.91,124.711,2.6660000000000004,3.0639999999999996,41.928000000000004,197.76,1.5819999999999999,1.396,0.2,32.638000000000005,1.0170000000000001,0.381,51.626000000000005,2.273,-2.414,16.824,-0.27699999999999997,258.733,2,67.435,2.15,0.444,46.062,1.24,-2.475,113.49700000000001
1,100001,b,160.937,68.768,103.235,48.146,-999.0,-999.0,-999.0,3.4730000000000003,2.0780000000000003,125.15700000000001,0.879,1.4140000000000001,-999.0,42.013999999999996,2.039,-3.011,36.918,0.501,0.10300000000000001,44.70399999999999,-1.916,164.546,1,46.226000000000006,0.725,1.158,-999.0,-999.0,-999.0,46.226000000000006
2,100002,b,-999.0,162.172,125.95299999999999,35.635,-999.0,-999.0,-999.0,3.148,9.336,197.81400000000002,3.7760000000000002,1.4140000000000001,-999.0,32.154,-0.705,-2.093,121.40899999999999,-0.953,1.052,54.283,-2.186,260.414,1,44.251000000000005,2.053,-2.028,-999.0,-999.0,-999.0,44.251000000000005
3,100003,b,143.905,81.417,80.943,0.414,-999.0,-999.0,-999.0,3.31,0.414,75.968,2.354,-1.285,-999.0,22.647,-1.655,0.01,53.321000000000005,-0.522,-3.1,31.081999999999997,0.06,86.06200000000001,0,-999.0,-999.0,-999.0,-999.0,-999.0,-999.0,0.0
4,100004,b,175.864,16.915,134.805,16.405,-999.0,-999.0,-999.0,3.891,16.405,57.983000000000004,1.056,-1.385,-999.0,28.209,-2.197,-2.231,29.774,0.7979999999999999,1.569,2.7230000000000003,-0.871,53.131,0,-999.0,-999.0,-999.0,-999.0,-999.0,-999.0,0.0
5,100005,b,89.744,13.55,59.148999999999994,116.344,2.636,284.584,-0.54,1.3619999999999999,61.619,278.876,0.588,0.479,0.975,53.651,0.371,1.329,31.565,-0.884,1.857,40.735,2.237,282.849,3,90.54700000000001,-2.412,-0.653,56.165,0.22399999999999998,3.1060000000000003,193.66
6,100006,s,148.754,28.862,107.78200000000001,106.13,0.733,158.359,0.113,2.9410000000000003,2.545,305.967,3.3710000000000004,1.393,0.7909999999999999,28.85,1.113,2.4090000000000003,97.24,0.675,-0.966,38.421,-1.443,294.074,2,123.01,0.8640000000000001,1.45,56.867,0.131,-2.767,179.877
7,100007,s,154.916,10.418,94.714,29.169,-999.0,-999.0,-999.0,2.897,1.526,138.178,0.365,-1.305,-999.0,78.8,0.654,1.547,28.74,0.506,-1.347,22.275,-1.761,187.299,1,30.638,-0.715,-1.724,-999.0,-999.0,-999.0,30.638
8,100008,b,105.594,50.559,100.98899999999999,4.288,-999.0,-999.0,-999.0,2.904,4.288,65.333,0.675,-1.3659999999999999,-999.0,39.008,2.4330000000000003,-2.532,26.325,0.21,1.8840000000000001,37.791,0.024,129.804,0,-999.0,-999.0,-999.0,-999.0,-999.0,-999.0,0.0
9,100009,s,128.053,88.941,69.27199999999999,193.392,-999.0,-999.0,-999.0,1.609,28.859,255.123,0.599,0.5379999999999999,-999.0,54.646,-1.5330000000000001,0.41600000000000004,32.742,-0.317,-0.636,132.678,0.845,294.741,1,167.735,-2.767,-2.5140000000000002,-999.0,-999.0,-999.0,167.735
10,100010,b,-999.0,86.24,79.692,27.201,-999.0,-999.0,-999.0,2.338,27.201,81.734,1.75,-1.412,-999.0,29.718000000000004,-0.866,2.878,52.016000000000005,0.126,-1.288,51.276,0.688,250.178,0,-999.0,-999.0,-999.0,-999.0,-999.0,-999.0,0.0
11,100011,b,114.744,10.286,75.712,30.816,2.563,252.59900000000002,-1.401,2.888,36.745,239.804,1.061,1.364,0.769,35.976,-0.669,-0.342,38.188,-0.165,2.502,22.385,2.148,290.547,3,76.773,-0.79,0.303,56.876000000000005,1.7730000000000001,-2.079,165.64
12,100012,b,145.297,64.234,103.565,106.999,-999.0,-999.0,-999.0,2.1830000000000003,24.66,192.245,0.5760000000000001,0.6890000000000001,-999.0,62.89,-0.7659999999999999,-1.632,36.236999999999995,0.722,-0.035,43.91,-1.9069999999999998,232.362,1,93.117,-0.97,1.943,-999.0,-999.0,-999.0,93.117
13,100013,b,82.488,31.663,64.128,8.232000000000001,-999.0,-999.0,-999.0,2.823,8.232000000000001,58.648999999999994,1.3030000000000002,-1.4140000000000001,-999.0,25.47,-0.654,-2.99,33.179,-1.665,-0.354,12.439,1.433,163.42,0,-999.0,-999.0,-999.0,-999.0,-999.0,-999.0,0.0
14,100014,b,-999.0,109.412,14.398,17.323,-999.0,-999.0,-999.0,0.47200000000000003,17.323,62.565,1.774,-0.272,-999.0,22.552,1.389,1.34,40.013000000000005,1.8559999999999999,1.412,75.197,-1.5830000000000002,198.61599999999999,0,-999.0,-999.0,-999.0,-999.0,-999.0,-999.0,0.0
15,100015,s,111.02600000000001,32.096,75.271,23.066999999999997,-999.0,-999.0,-999.0,3.205,23.066999999999997,69.649,1.276,-1.4140000000000001,-999.0,30.605999999999998,-1.107,-1.903,39.043,-1.944,1.1909999999999998,19.959,2.415,122.176,0,-999.0,-999.0,-999.0,-999.0,-999.0,-999.0,0.0
16,100016,b,114.256,4.351,67.96300000000001,47.221000000000004,-999.0,-999.0,-999.0,2.9539999999999997,26.243000000000002,100.93,1.145,0.218,-999.0,30.145,0.484,-0.929,34.522,-0.215,1.9409999999999998,41.898999999999994,2.055,191.56799999999998,1,36.263000000000005,-0.7659999999999999,-0.6859999999999999,-999.0,-999.0,-999.0,36.263000000000005
17,100017,s,127.861,50.953,77.267,26.967,-999.0,-999.0,-999.0,2.833,26.967,79.503,1.5859999999999999,1.401,-999.0,30.739,-0.635,2.603,48.763999999999996,-0.34299999999999997,-0.862,17.557000000000002,-2.975,211.72,0,-999.0,-999.0,-999.0,-999.0,-999.0,-999.0,0.0
18,100018,b,-999.0,85.186,68.827,5.042,-999.0,-999.0,-999.0,2.116,5.042,71.443,1.558,-1.351,-999.0,27.930999999999997,1.175,2.356,43.512,2.332,0.584,44.698,-2.033,151.816,0,-999.0,-999.0,-999.0,-999.0,-999.0,-999.0,0.0
19,100019,b,-999.0,88.76700000000001,115.05799999999999,15.337,-999.0,-999.0,-999.0,2.8789999999999996,15.337,58.211000000000006,0.875,-1.395,-999.0,31.046,1.38,0.451,27.165,-1.486,0.7240000000000001,72.98100000000001,-2.577,115.145,0,-999.0,-999.0,-999.0,-999.0,-999.0,-999.0,0.0
20,100020,b,-999.0,89.705,41.765,18.437,-999.0,-999.0,-999.0,1.395,18.437,57.157,1.082,-1.178,-999.0,27.453000000000003,1.58,2.51,29.704,0.341,1.869,67.90899999999999,-1.169,225.139,0,-999.0,-999.0,-999.0,-999.0,-999.0,-999.0,0.0
21,100021,b,90.736,18.674,60.231,25.156,-999.0,-999.0,-999.0,2.363,25.156,64.833,0.7490000000000001,-0.8,-999.0,37.06,1.537,-2.616,27.773000000000003,1.161,1.335,27.430999999999997,0.645,169.06099999999998,0,-999.0,-999.0,-999.0,-999.0,-999.0,-999.0,0.0
22,100022,b,87.075,38.217,67.041,2.347,-999.0,-999.0,-999.0,2.852,2.347,65.281,1.276,-1.409,-999.0,28.688000000000002,1.739,-2.975,36.594,2.367,-0.193,12.556,2.008,68.527,0,-999.0,-999.0,-999.0,-999.0,-999.0,-999.0,0.0
23,100023,s,141.481,0.736,111.581,174.075,1.955,364.344,-0.9229999999999999,1.335,6.662999999999999,440.85900000000004,0.652,1.042,0.207,98.565,0.19,-1.506,64.285,1.405,-0.9520000000000001,17.96,-0.973,454.785,2,195.533,1.156,1.416,82.477,-0.7979999999999999,-2.785,278.009
24,100024,b,110.785,72.92699999999999,82.775,30.888,-999.0,-999.0,-999.0,3.032,30.888,77.888,2.5810000000000004,1.3530000000000002,-999.0,21.750999999999998,-0.7090000000000001,-1.088,56.137,0.531,1.679,27.318,-0.716,253.577,0,-999.0,-999.0,-999.0,-999.0,-999.0,-999.0,0.0
25,100025,b,76.883,34.384,56.993,5.569,-999.0,-999.0,-999.0,2.912,5.569,58.11600000000001,1.492,-1.409,-999.0,23.319000000000003,-0.081,-0.33799999999999997,34.797,-0.321,2.5639999999999996,10.097999999999999,-1.3969999999999998,93.086,0,-999.0,-999.0,-999.0,-999.0,-999.0,-999.0,0.0
26,100026,s,137.197,68.009,78.296,35.332,-999.0,-999.0,-999.0,2.883,0.204,115.081,1.295,1.403,-999.0,34.657,1.587,-2.231,44.897,1.6640000000000001,1.17,32.07,-2.891,82.22399999999999,1,35.527,4.3469999999999995,-0.16899999999999998,-999.0,-999.0,-999.0,35.527
27,100027,s,111.271,27.18,70.642,144.766,4.936,1021.322,-5.834,1.795,0.36700000000000005,309.992,2.8480000000000003,1.306,0.696,24.899,-0.08900000000000001,-2.342,70.923,-0.98,-0.7829999999999999,69.36399999999999,-1.173,289.876,2,170.71200000000002,-1.9609999999999999,2.22,43.458,2.9739999999999998,-0.10300000000000001,214.17
28,100028,s,118.104,2.633,77.31,91.38799999999999,-999.0,-999.0,-999.0,1.976,21.535999999999998,159.743,1.172,1.061,-999.0,37.999,-0.214,-2.678,44.523,-1.354,-1.064,39.141,-1.127,175.843,1,77.221,-0.049,1.426,-999.0,-999.0,-999.0,77.221
29,100029,b,98.76100000000001,14.024000000000001,74.23,132.806,3.676,315.85400000000004,-2.665,1.261,23.29,239.33,1.541,1.306,0.982,49.623999999999995,-1.093,1.995,76.454,-0.595,0.836,26.438000000000002,1.15,357.815,2,80.627,0.993,-2.0180000000000002,32.625,-2.6830000000000003,-1.4669999999999999,113.25200000000001
30,100030,b,-999.0,91.316,51.771,33.742,-999.0,-999.0,-999.0,1.3090000000000002,0.8759999999999999,112.809,1.7180000000000002,-1.318,-999.0,29.267,-1.3459999999999999,-0.33299999999999996,50.292,-2.443,-1.046,44.156000000000006,2.595,157.431,1,33.25,-3.199,2.057,-999.0,-999.0,-999.0,33.25
31,100031,s,121.681,6.041,73.202,198.114,2.639,295.942,-1.7380000000000002,1.148,31.017,412.51800000000003,0.262,0.838,0.9840000000000001,126.071,0.953,2.492,32.986,0.231,-2.8989999999999996,65.09,-2.7689999999999997,515.415,3,182.449,1.383,0.001,38.006,-1.2570000000000001,-0.609,253.46099999999998
32,100032,s,129.186,64.045,69.499,63.165,5.087,854.799,-6.159,2.745,6.58,203.08,0.769,1.355,0.82,37.764,0.215,0.74,29.054000000000002,-0.575,-2.9139999999999997,45.253,1.204,199.861,2,81.17,3.102,-0.977,55.092,-1.985,3.065,136.262
33,100033,b,123.11200000000001,62.758,86.70200000000001,39.900999999999996,3.16,244.18099999999998,-2.1390000000000002,2.825,9.732000000000001,184.19400000000002,2.089,1.337,0.929,26.075,-0.175,-0.782,54.476000000000006,1.026,2.944,23.618000000000002,-1.209,309.43,2,71.127,2.177,0.5579999999999999,32.515,-0.983,-2.628,103.64200000000001
34,100034,b,156.894,39.256,122.89399999999999,71.682,-999.0,-999.0,-999.0,2.387,29.365,148.381,1.11,0.655,-999.0,48.605,-2.123,-3.0180000000000002,53.933,-0.456,-1.308,10.096,2.9760000000000004,195.864,1,45.843,1.131,1.15,-999.0,-999.0,-999.0,45.843
35,100035,b,72.712,20.761999999999997,50.255,39.263000000000005,-999.0,-999.0,-999.0,2.186,21.816999999999997,103.596,1.2690000000000001,1.4140000000000001,-999.0,25.085,-0.251,3.0060000000000002,31.831999999999997,-0.35700000000000004,0.823,12.562999999999999,1.915,152.875,1,46.678999999999995,-1.7109999999999999,-1.864,-999.0,-999.0,-999.0,46.678999999999995
36,100036,s,134.153,23.855999999999998,100.96,9.377,-999.0,-999.0,-999.0,2.846,9.377,101.789,0.759,-1.405,-999.0,57.869,-0.428,0.614,43.919,-0.1,-2.842,11.797,-1.739,241.28099999999998,0,-999.0,-999.0,-999.0,-999.0,-999.0,-999.0,0.0
37,100037,s,155.487,61.071999999999996,125.01299999999999,2.7680000000000002,-999.0,-999.0,-999.0,2.908,2.7680000000000002,123.704,1.176,-1.4080000000000001,-999.0,56.845,-0.935,2.009,66.859,-1.357,-1.3969999999999998,16.589000000000002,0.9229999999999999,95.26700000000001,0,-999.0,-999.0,-999.0,-999.0,-999.0,-999.0,0.0
38,100038,s,138.362,38.034,99.038,65.021,1.814,275.461,1.506,2.605,97.25,403.267,1.875,0.023,0.0,21.326,1.459,-1.615,39.994,-1.133,-1.869,18.093,-0.299,453.69,3,114.602,0.619,0.165,77.053,2.4330000000000003,-2.637,341.94699999999995
39,100039,s,120.506,22.729,88.889,35.999,0.218,167.175,5.17,2.465,32.705999999999996,294.349,1.4480000000000002,1.171,0.0,39.107,-1.081,1.431,56.61,-1.185,-1.032,2.713,1.29,243.86700000000002,3,88.399,-2.168,-1.423,77.27,-2.385,1.876,198.632
40,100040,s,109.684,42.663999999999994,86.064,0.23,-999.0,-999.0,-999.0,2.745,0.23,82.944,0.9390000000000001,-1.4140000000000001,-999.0,42.787,-1.942,-0.574,40.158,-1.218,2.074,20.195,-2.516,59.902,0,-999.0,-999.0,-999.0,-999.0,-999.0,-999.0,0.0
41,100041,b,90.833,62.236000000000004,53.228,21.581,-999.0,-999.0,-999.0,2.6289999999999996,21.581,55.181999999999995,1.445,-0.797,-999.0,22.566,1.645,-2.03,32.616,1.287,0.574,29.74,-2.484,70.266,0,-999.0,-999.0,-999.0,-999.0,-999.0,-999.0,0.0
42,100042,s,122.516,50.183,87.682,102.40299999999999,3.28,479.59,-2.5639999999999996,1.881,0.731,297.49,0.47700000000000004,1.025,0.631,77.097,-0.303,-2.694,36.746,-0.758,1.764,27.921,-2.719,275.222,2,98.198,1.995,0.961,85.448,-1.285,-0.995,183.646
43,100043,b,132.049,65.682,87.93700000000001,0.861,-999.0,-999.0,-999.0,2.952,0.861,87.374,1.5419999999999998,-1.3769999999999998,-999.0,34.371,-1.723,-2.546,53.003,-1.181,0.355,21.006,3.141,68.796,0,-999.0,-999.0,-999.0,-999.0,-999.0,-999.0,0.0
44,100044,b,84.86,33.705999999999996,67.847,18.079,-999.0,-999.0,-999.0,2.346,18.079,73.32,1.0759999999999998,-1.367,-999.0,35.311,1.3230000000000002,2.505,38.009,1.526,-1.44,17.651,-0.023,176.82,0,-999.0,-999.0,-999.0,-999.0,-999.0,-999.0,0.0
45,100045,b,27.788,68.032,23.53,33.375,1.37,78.189,3.443,0.78,10.201,132.965,1.3730000000000002,-0.7759999999999999,0.024,26.365,0.664,1.693,36.2,0.6559999999999999,2.474,32.195,-0.498,233.334,2,37.734,2.6630000000000003,-0.491,32.666,1.2930000000000001,-2.358,70.4
46,100046,s,201.47299999999998,23.002,104.041,60.49,4.437,491.375,-4.916,2.968,1.786,247.731,0.257,1.4080000000000001,0.688,102.618,-1.475,2.4090000000000003,26.334,-1.281,-0.9129999999999999,47.248999999999995,-1.577,337.398,2,86.447,-2.142,0.298,32.332,2.295,-2.273,118.779
47,100047,s,130.079,53.335,97.435,1.382,-999.0,-999.0,-999.0,3.023,1.382,93.255,1.32,-1.403,-999.0,40.193000000000005,-1.06,-0.659,53.062,-0.374,2.681,14.532,0.10400000000000001,118.867,0,-999.0,-999.0,-999.0,-999.0,-999.0,-999.0,0.0
48,100048,b,167.53400000000002,41.277,123.30799999999999,9.908999999999999,-999.0,-999.0,-999.0,2.7760000000000002,9.908999999999999,124.88600000000001,0.713,-1.406,-999.0,72.92399999999999,-0.14,0.934,51.961999999999996,0.266,-2.603,23.576999999999998,-1.3419999999999999,319.578,0,-999.0,-999.0,-999.0,-999.0,-999.0,-999.0,0.0
49,100049,s,95.40700000000001,21.584,67.766,1.482,-999.0,-999.0,-999.0,3.042,1.482,67.89399999999999,1.087,-1.4140000000000001,-999.0,32.531,0.8009999999999999,1.014,35.363,0.826,-2.227,4.67,-0.233,70.691,0,-999.0,-999.0,-999.0,-999.0,-999.0,-999.0,0.0
50,100050,b,219.05700000000002,72.461,124.835,5.506,-999.0,-999.0,-999.0,3.7710000000000004,46.93600000000001,122.986,1.932,-1.382,-999.0,24.759,-1.063,0.332,47.83,1.347,-2.569,28.499000000000002,0.96,90.355,1,50.396,-0.708,-0.642,-999.0,-999.0,-999.0,50.396
51,100051,s,104.14200000000001,37.94,69.029,50.58,3.9410000000000003,411.81300000000005,-1.86,2.448,4.194,185.688,0.9890000000000001,1.4069999999999998,0.991,35.311,0.948,-2.167,34.912,1.605,1.758,24.104,-3.0989999999999998,202.28099999999998,2,69.37100000000001,-0.5479999999999999,0.57,46.093999999999994,3.392,-1.725,115.465
52,100052,b,-999.0,83.92399999999999,136.15200000000002,40.286,-999.0,-999.0,-999.0,3.111,40.286,67.818,1.8840000000000001,-0.574,-999.0,23.515,-1.272,-1.525,44.302,1.66,-2.5669999999999997,41.305,0.183,104.743,0,-999.0,-999.0,-999.0,-999.0,-999.0,-999.0,0.0
53,100053,b,-999.0,98.947,85.40799999999999,1.578,-999.0,-999.0,-999.0,2.5980000000000003,1.578,89.17299999999999,2.074,-1.331,-999.0,29.005,0.16699999999999998,-0.45399999999999996,60.168,0.9179999999999999,2.033,42.635,-1.54,146.821,0,-999.0,-999.0,-999.0,-999.0,-999.0,-999.0,0.0
54,100054,b,219.292,74.6,177.143,2.423,-999.0,-999.0,-999.0,4.053999999999999,2.423,71.678,1.841,-1.337,-999.0,25.232,1.099,-2.41,46.446999999999996,-2.127,1.419,31.593000000000004,-1.263,106.965,0,-999.0,-999.0,-999.0,-999.0,-999.0,-999.0,0.0
55,100055,b,51.025,50.315,46.006,1.3030000000000002,-999.0,-999.0,-999.0,2.109,1.3030000000000002,52.148999999999994,1.155,-1.411,-999.0,24.198,0.872,-2.822,27.951999999999998,0.457,-0.755,28.169,1.469,54.023,0,-999.0,-999.0,-999.0,-999.0,-999.0,-999.0,0.0
56,100056,b,-999.0,110.686,65.44800000000001,49.395,0.48200000000000004,24.02,7.901,2.8930000000000002,26.385,138.2,2.106,-1.393,0.0,21.631,-0.767,-1.6980000000000002,45.54600000000001,-0.107,1.7690000000000001,73.398,-0.785,185.68200000000002,2,40.580999999999996,-3.062,2.144,30.441999999999997,-2.58,2.396,71.023
57,100057,s,148.523,31.910999999999998,97.49700000000001,171.074,1.209,262.61,-0.067,1.423,20.859,420.089,1.018,0.5579999999999999,0.0,73.982,-1.9869999999999999,-2.864,75.348,-1.992,-1.4409999999999998,86.93,-1.044,521.36,2,214.449,-0.057999999999999996,1.525,56.31,1.151,-1.743,270.759
58,100058,s,104.221,13.815999999999999,71.225,27.029,-999.0,-999.0,-999.0,2.8360000000000003,27.029,70.783,1.005,1.389,-999.0,35.306,-2.443,-2.9330000000000003,35.478,-2.046,-0.125,17.674,-0.684,149.85,0,-999.0,-999.0,-999.0,-999.0,-999.0,-999.0,0.0
59,100059,b,73.819,83.73700000000001,60.659,43.435,1.494,162.191,-0.546,1.5759999999999998,45.806999999999995,273.216,2.0269999999999997,-1.34,0.001,30.0,2.02,-1.8030000000000002,60.803000000000004,1.905,2.908,39.933,0.877,283.314,3,80.042,-0.856,1.304,52.501000000000005,0.638,-1.114,182.41299999999998
60,100060,s,103.646,40.918,64.244,135.726,0.68,73.056,1.649,1.524,18.535,305.027,0.517,1.287,0.9590000000000001,61.114,-0.595,1.3530000000000002,31.599,-1.3980000000000001,2.648,59.825,1.6680000000000001,402.277,3,78.17399999999999,-1.6680000000000001,-0.978,58.097,-0.9890000000000001,-1.7269999999999999,212.31400000000002
61,100061,s,122.934,73.141,68.069,4.647,-999.0,-999.0,-999.0,2.992,4.647,74.40899999999999,2.326,-1.361,-999.0,22.375,0.805,-1.579,52.034,0.8140000000000001,1.413,25.921999999999997,-1.913,89.71600000000001,0,-999.0,-999.0,-999.0,-999.0,-999.0,-999.0,0.0
62,100062,b,139.394,71.611,78.711,28.947,-999.0,-999.0,-999.0,2.945,2.399,110.117,1.594,1.3969999999999998,-999.0,30.409000000000002,2.452,-0.47200000000000003,48.47,1.9480000000000002,2.4290000000000003,30.839000000000002,0.061,162.628,1,31.238000000000003,-2.123,-2.415,-999.0,-999.0,-999.0,31.238000000000003
63,100063,b,92.065,65.274,53.52,28.173000000000002,-999.0,-999.0,-999.0,2.738,28.173000000000002,54.346000000000004,1.202,-1.304,-999.0,24.676,-0.828,1.37,29.67,-0.541,-2.19,36.512,0.6920000000000001,84.62100000000001,0,-999.0,-999.0,-999.0,-999.0,-999.0,-999.0,0.0
64,100064,b,92.696,51.669,68.835,39.384,-999.0,-999.0,-999.0,2.513,15.700999999999999,123.58,2.285,1.329,-999.0,23.815,-0.034,3.075,54.41,-0.249,-0.705,16.44,-2.79,215.024,1,45.355,-0.977,1.973,-999.0,-999.0,-999.0,45.355
65,100065,b,83.081,63.333999999999996,60.631,38.653,-999.0,-999.0,-999.0,2.077,0.91,111.277,1.715,0.08900000000000001,-999.0,26.803,1.979,-3.0989999999999998,45.97,2.125,-1.0270000000000001,23.701,2.6860000000000004,214.47400000000002,1,38.504,2.526,0.914,-999.0,-999.0,-999.0,38.504
66,100066,b,123.715,57.088,81.811,53.611999999999995,-999.0,-999.0,-999.0,3.043,53.611999999999995,82.428,0.562,1.4040000000000001,-999.0,52.772,2.2880000000000003,2.793,29.656,1.7480000000000002,-0.495,30.361,-3.01,222.183,0,-999.0,-999.0,-999.0,-999.0,-999.0,-999.0,0.0
67,100067,b,94.229,78.683,69.352,25.679000000000002,-999.0,-999.0,-999.0,2.5069999999999997,25.679000000000002,71.80199999999999,1.4809999999999999,-0.909,-999.0,28.94,1.102,-2.445,42.861999999999995,0.519,1.4,36.135,-1.794,218.41099999999997,0,-999.0,-999.0,-999.0,-999.0,-999.0,-999.0,0.0
68,100068,b,88.53200000000001,16.345,50.14,95.309,4.5569999999999995,580.126,-3.4360000000000004,1.771,34.156,187.65400000000002,1.29,1.306,0.585,26.665,-1.2009999999999998,0.175,34.406,-0.344,1.725,52.175,1.337,326.007,2,83.99600000000001,-0.953,-1.5219999999999998,42.588,3.6039999999999996,-2.122,126.584
69,100069,b,101.675,72.911,49.453,42.633,-999.0,-999.0,-999.0,2.605,42.633,51.687,1.3019999999999998,0.136,-999.0,22.455,1.337,1.183,29.230999999999998,1.411,-1.421,46.471000000000004,1.425,126.9,0,-999.0,-999.0,-999.0,-999.0,-999.0,-999.0,0.0
70,100070,s,120.25299999999999,30.144000000000002,82.176,38.736,3.918,407.579,-3.457,2.551,46.301,243.10299999999998,1.0170000000000001,1.4,0.434,39.923,1.963,0.062,40.602,1.1740000000000002,-2.364,11.126,-0.7879999999999999,337.559,3,59.401,1.3419999999999999,-0.369,53.711000000000006,-2.577,2.14,162.577
71,100071,s,-999.0,70.619,81.22399999999999,23.096999999999998,-999.0,-999.0,-999.0,1.724,23.096999999999998,122.205,0.304,-1.178,-999.0,93.741,0.675,0.441,28.464000000000002,1.294,2.05,75.369,-2.499,169.293,0,-999.0,-999.0,-999.0,-999.0,-999.0,-999.0,0.0
72,100072,b,96.906,71.751,74.602,39.664,-999.0,-999.0,-999.0,2.3480000000000003,14.617,107.103,0.9840000000000001,-0.875,-999.0,35.66,0.557,-1.4409999999999998,35.076,1.736,2.8110000000000004,36.787,-0.43200000000000005,148.77,1,36.367,-1.891,1.3159999999999998,-999.0,-999.0,-999.0,36.367
73,100073,s,92.22200000000001,16.05,64.76899999999999,3.4219999999999997,-999.0,-999.0,-999.0,2.824,3.4219999999999997,66.94800000000001,0.662,-1.39,-999.0,40.271,-2.097,1.567,26.677,-2.1630000000000003,-1.256,13.735999999999999,-2.121,124.75200000000001,0,-999.0,-999.0,-999.0,-999.0,-999.0,-999.0,0.0
74,100074,b,-999.0,65.71,56.525,1.1179999999999999,-999.0,-999.0,-999.0,2.012,1.1179999999999999,66.15100000000001,1.1740000000000002,-1.4069999999999998,-999.0,30.428,1.804,1.0659999999999998,35.723,2.193,-0.9079999999999999,36.227,3.073,123.35700000000001,0,-999.0,-999.0,-999.0,-999.0,-999.0,-999.0,0.0
75,100075,s,98.59700000000001,41.715,78.618,3.375,-999.0,-999.0,-999.0,2.4090000000000003,3.375,86.58,0.62,-1.359,-999.0,53.443000000000005,-0.7140000000000001,1.4769999999999999,33.137,-0.6679999999999999,-0.932,36.055,-2.228,135.433,0,-999.0,-999.0,-999.0,-999.0,-999.0,-999.0,0.0
76,100076,b,239.551,118.68299999999999,193.111,6.5489999999999995,-999.0,-999.0,-999.0,2.8569999999999998,6.5489999999999995,181.614,1.246,-1.3980000000000001,-999.0,80.85300000000001,0.563,-1.8769999999999998,100.76100000000001,1.4,0.855,39.99,-3.012,170.842,0,-999.0,-999.0,-999.0,-999.0,-999.0,-999.0,0.0
77,100077,b,86.62899999999999,33.856,67.5,49.081,2.978,229.16,-1.67,1.9509999999999998,17.799,204.93,1.273,-0.7,0.42200000000000004,28.541999999999998,-0.47600000000000003,2.9730000000000003,36.328,-2.124,1.929,12.569,0.1,215.393,3,56.951,0.7490000000000001,-0.29600000000000004,42.88,-2.229,-2.825,140.06
78,100078,s,132.35,65.858,106.57,124.84,5.822,1558.773,-8.423,1.931,34.787,303.37,3.4789999999999996,-0.24,0.998,29.166999999999998,1.7690000000000001,1.972,101.48299999999999,0.36200000000000004,-2.989,37.422,-1.8619999999999999,325.373,2,101.934,3.139,0.444,70.786,-2.6830000000000003,-0.5670000000000001,172.72099999999998
79,100079,s,123.29,52.95399999999999,76.946,129.157,-999.0,-999.0,-999.0,1.7690000000000001,26.758000000000003,224.796,0.42700000000000005,1.286,-999.0,76.021,0.184,-1.902,32.459,0.083,2.615,52.567,-2.2769999999999997,273.452,1,116.316,-1.171,0.6409999999999999,-999.0,-999.0,-999.0,116.316
80,100080,b,84.60799999999999,50.05,63.451,0.6579999999999999,-999.0,-999.0,-999.0,2.9610000000000003,0.6579999999999999,57.911,1.655,-1.375,-999.0,21.816,2.445,-0.5670000000000001,36.095,1.3769999999999998,2.9539999999999997,18.405,0.29600000000000004,29.741999999999997,0,-999.0,-999.0,-999.0,-999.0,-999.0,-999.0,0.0
81,100081,b,-999.0,65.312,50.047,0.515,-999.0,-999.0,-999.0,2.13,74.884,132.893,1.709,-1.3719999999999999,-999.0,21.429000000000002,0.266,-0.062,36.623000000000005,0.718,2.02,32.275999999999996,-1.758,32.944,1,74.84100000000001,0.616,-1.564,-999.0,-999.0,-999.0,74.84100000000001
82,100082,s,166.64,15.868,80.477,77.915,1.575,215.12099999999998,-0.544,2.8710000000000004,28.035,410.56800000000004,0.691,1.31,0.159,39.441,-0.64,-2.622,27.269000000000002,0.7929999999999999,1.1740000000000002,69.34,1.541,453.14099999999996,3,85.39200000000001,-1.062,0.166,81.559,0.513,-2.255,343.858
83,100083,b,145.99,68.862,97.34200000000001,28.538,4.664,396.915,-5.149,3.088,24.909000000000002,174.47,2.1390000000000002,1.41,0.677,31.234,-0.185,2.945,66.796,-0.917,-0.055999999999999994,20.804000000000002,2.299,198.90400000000002,2,39.577,2.8710000000000004,-2.316,36.863,-1.7930000000000001,1.295,76.44
84,100084,b,99.66799999999999,25.986,60.637,192.267,1.048,231.34599999999998,-0.273,1.405,37.955,435.67900000000003,3.282,0.677,0.475,23.845,-0.56,1.128,78.248,0.418,0.11900000000000001,105.389,-0.168,392.838,3,176.49,-0.5579999999999999,2.6639999999999997,73.566,0.49,-1.6159999999999999,333.586
85,100085,b,-999.0,71.692,52.778999999999996,2.705,-999.0,-999.0,-999.0,1.985,2.705,50.751000000000005,1.5330000000000001,-1.349,-999.0,20.039,-0.33,-2.6060000000000003,30.712,-1.9880000000000002,-1.514,43.206,1.27,72.211,0,-999.0,-999.0,-999.0,-999.0,-999.0,-999.0,0.0
86,100086,b,199.9,78.686,167.085,77.236,-999.0,-999.0,-999.0,2.9339999999999997,17.233,172.545,1.785,-0.11199999999999999,-999.0,30.651,-0.735,0.131,54.696000000000005,2.1830000000000003,0.439,43.135,2.327,277.402,1,87.198,-2.031,-2.452,-999.0,-999.0,-999.0,87.198
87,100087,b,92.079,42.327,71.28,29.118000000000002,-999.0,-999.0,-999.0,2.322,29.118000000000002,73.226,1.2570000000000001,-1.284,-999.0,32.441,0.71,-0.6579999999999999,40.785,-0.107,-2.8310000000000004,28.662,2.117,146.893,0,-999.0,-999.0,-999.0,-999.0,-999.0,-999.0,0.0
88,100088,b,117.24700000000001,102.167,79.738,34.164,-999.0,-999.0,-999.0,3.23,1.9909999999999999,108.514,2.485,1.403,-999.0,21.432,0.105,-3.1069999999999998,53.255,1.2919999999999998,0.172,53.22,2.7430000000000003,111.693,1,33.828,-0.45399999999999996,-1.074,-999.0,-999.0,-999.0,33.828
89,100089,b,235.976,55.918,175.74400000000003,39.662,-999.0,-999.0,-999.0,2.69,3.627,193.94,0.618,-1.101,-999.0,94.921,-0.5670000000000001,2.08,58.684,0.8029999999999999,-1.8880000000000001,68.732,-0.977,290.533,1,40.334,-0.965,0.94,-999.0,-999.0,-999.0,40.334
90,100090,b,151.45,39.326,108.26799999999999,19.727,0.726,179.399,0.873,3.387,4.789,305.546,1.239,1.4140000000000001,0.0,36.336999999999996,0.71,-0.013999999999999999,45.013999999999996,2.3169999999999997,-2.9960000000000004,13.612,-1.16,390.63,3,86.37899999999999,1.365,0.155,80.42399999999999,0.639,3.1180000000000003,224.195
91,100091,b,124.118,59.132,77.775,0.419,-999.0,-999.0,-999.0,3.112,0.419,75.391,1.6469999999999998,-1.381,-999.0,28.485,-0.684,1.874,46.906000000000006,-1.402,-1.382,18.813,1.5659999999999998,40.3,0,-999.0,-999.0,-999.0,-999.0,-999.0,-999.0,0.0
92,100092,b,96.97,61.769,93.213,0.51,-999.0,-999.0,-999.0,2.782,0.51,70.954,1.13,-1.411,-999.0,33.317,2.077,1.002,37.638000000000005,0.354,-3.097,32.406,-0.9259999999999999,103.85799999999999,0,-999.0,-999.0,-999.0,-999.0,-999.0,-999.0,0.0
93,100093,s,96.37899999999999,17.118,63.373000000000005,71.039,6.108,1204.243,-8.309,1.6769999999999998,22.278000000000002,206.66299999999998,0.426,0.308,0.895,64.293,0.418,-2.5660000000000003,27.393,0.01,2.0909999999999997,36.296,1.5419999999999998,261.442,2,66.27,2.045,0.05,48.707,-4.063,-1.319,114.977
94,100094,b,111.35600000000001,20.265,50.19,104.87799999999999,-999.0,-999.0,-999.0,2.5,26.905,138.893,1.4069999999999998,1.3119999999999998,-999.0,20.535,0.18600000000000003,-1.546,28.883000000000003,-0.71,2.404,85.179,2.8160000000000003,147.129,1,89.475,-1.828,-0.48,-999.0,-999.0,-999.0,89.475
95,100095,b,98.181,68.298,77.21600000000001,1.17,-999.0,-999.0,-999.0,2.918,1.17,63.11,2.056,-1.341,-999.0,20.651,1.013,-1.804,42.46,-0.616,0.616,29.147,-3.011,52.207,0,-999.0,-999.0,-999.0,-999.0,-999.0,-999.0,0.0
96,100096,s,113.75,52.067,76.262,1.25,-999.0,-999.0,-999.0,2.9619999999999997,1.25,77.982,1.469,-1.391,-999.0,31.581,-1.7280000000000002,0.782,46.402,-1.7209999999999999,-2.54,15.11,0.23399999999999999,97.73700000000001,0,-999.0,-999.0,-999.0,-999.0,-999.0,-999.0,0.0
97,100097,s,124.575,34.558,100.197,161.05100000000002,3.2430000000000003,324.597,-2.6260000000000003,1.479,61.347,315.35400000000004,2.9130000000000003,0.22699999999999998,0.32799999999999996,36.695,0.218,-0.563,106.897,1.6480000000000001,-0.937,25.565,-1.611,432.241,3,97.16,-1.686,2.858,42.808,1.557,1.534,171.763
98,100098,b,77.578,72.277,58.168,153.606,2.6039999999999996,370.93699999999995,-1.597,0.988,41.756,330.67,2.032,0.5720000000000001,0.061,41.803999999999995,-1.298,1.93,84.954,-1.8659999999999999,2.739,50.145,1.565,351.78,2,111.656,-0.987,-0.035,92.256,1.617,-1.433,203.91099999999997
99,100099,b,107.35,20.354,77.755,89.044,4.449,564.836,-2.99,2.4819999999999998,31.871,233.139,3.61,1.335,0.251,21.616999999999997,-1.268,-1.114,78.03399999999999,-1.216,2.688,27.166999999999998,3.134,327.422,2,95.352,-0.825,-0.201,38.135,3.625,2.93,133.488
